198215 1 12
198207 1 97
198249 1 7
198063 1 37
198063 40 72
198063 74 124
198063 127 294
198213 1 107
198212 1 574
198372 57 114
198049 1 11
198049 14 57
198485 68 109
198485 112 134
198485 136 181
198485 184 239
198208 1 92
198208 94 134
198208 137 147
198208 150 209
198050 2 155
198272 1 185
198272 188 245
198272 248 314
198272 317 433
198272 436 444
198272 454 625
198271 1 91
198271 93 170
198271 173 299
198271 301 450
198271 453 513
198271 516 616
198271 619 628
198271 631 791
198271 793 797
198487 1 145
198487 147 514
198487 517 668
198487 671 733
198487 736 757
198487 760 852
198487 854 994
198487 997 1434
198487 1437 1612
198346 44 57
198116 36 52
198116 54 55
198116 58 96
198116 98 112
198230 1 33
198230 36 57
198230 60 235
198230 237 324
198230 326 388
198230 390 459
198230 462 625
198230 627 651
198230 653 805
198230 808 811
198230 814 948
198230 950 1090
198230 1093 1103
198230 1106 1332
198230 1335 1380
198269 3 199
198269 201 201
198269 203 203
198522 65 144
198522 147 208
198210 1 221
